1.0,0.7694743489931736,0.6823147340505864,0.6854408042353682,0.544513150140201,0.5541425093009895,0.609380589439767,0.6685259640853508
0.7694743489931736,1.0,0.599330227532394,0.8038343059569061,0.8082705062024171,0.6267454856229797,0.569127987014902,0.5712762312735992
0.6823147340505864,0.599330227532394,1.0,0.5901276312944992,0.7738113599285278,0.5365361723365719,0.7204337270265816,0.5767198510861925
0.6854408042353682,0.8038343059569061,0.5901276312944992,1.0,0.7439452686315593,0.6687122824101223,0.7408797244594136,0.5909646743091557
0.544513150140201,0.8082705062024171,0.7738113599285278,0.7439452686315593,1.0,0.5673990852190881,0.7816292961305593,0.6472532467902736
0.5541425093009895,0.6267454856229797,0.5365361723365719,0.6687122824101223,0.5673990852190881,1.0,0.7111038641871359,0.6409287265993854
0.609380589439767,0.569127987014902,0.7204337270265816,0.7408797244594136,0.7816292961305593,0.7111038641871359,1.0,0.8030779767136793
0.6685259640853508,0.5712762312735992,0.5767198510861925,0.5909646743091557,0.6472532467902736,0.6409287265993854,0.8030779767136793,1.0
